Lambda Mu Alpha CompressionNormMax TensionNormMax SimpleShearNormMax TotalCostNormMax
10.000 0.660 -24.300 0.508 5.108 0.083 1.900
10.000 0.660 -24.300 0.508 5.108 0.083 1.900
10.000 0.660 -24.300 0.508 5.108 0.083 1.900
10.000 0.660 -24.300 0.508 5.108 0.083 1.900
9.607 0.100 -24.258 0.502 0.076 1.817 0.798
9.607 0.100 -24.258 0.502 0.076 1.817 0.798
9.607 0.100 -24.258 0.502 0.076 1.817 0.798
9.607 0.100 -24.258 0.502 0.076 1.817 0.798
9.717 0.278 -24.271 0.045 1.102 1.006 0.718
9.717 0.278 -24.271 0.045 1.102 1.006 0.718
9.717 0.278 -24.271 0.045 1.102 1.006 0.718
9.717 0.278 -24.271 0.045 1.102 1.006 0.718
9.677 0.227 -24.268 0.117 0.727 1.215 0.686
9.677 0.227 -24.268 0.117 0.727 1.215 0.686
9.677 0.227 -24.268 0.117 0.727 1.215 0.686
9.677 0.227 -24.268 0.117 0.727 1.215 0.686
9.656 0.210 -24.268 0.149 0.617 1.286 0.684
9.656 0.210 -24.268 0.149 0.617 1.286 0.684
9.656 0.210 -24.268 0.149 0.617 1.286 0.684
9.656 0.210 -24.268 0.149 0.617 1.286 0.684
9.644 0.209 -24.270 0.152 0.607 1.291 0.683
9.644 0.209 -24.270 0.152 0.607 1.291 0.683
9.644 0.209 -24.270 0.152 0.607 1.291 0.683
9.644 0.209 -24.270 0.152 0.607 1.291 0.683
9.596 0.205 -24.275 0.163 0.567 1.310 0.680
9.596 0.205 -24.275 0.163 0.567 1.310 0.680
9.596 0.205 -24.275 0.163 0.567 1.310 0.680
9.596 0.205 -24.275 0.163 0.567 1.310 0.680
9.160 0.195 -24.331 0.207 0.406 1.351 0.654
9.160 0.195 -24.331 0.207 0.406 1.351 0.654
9.160 0.195 -24.331 0.207 0.406 1.351 0.654
9.160 0.195 -24.331 0.207 0.406 1.351 0.654
7.678 0.205 -24.527 0.268 0.163 1.302 0.578
7.678 0.205 -24.527 0.268 0.163 1.302 0.578
7.678 0.205 -24.527 0.268 0.163 1.302 0.578
7.678 0.205 -24.527 0.268 0.163 1.302 0.578
3.709 0.289 -25.060 0.381 0.052 0.958 0.464
3.709 0.289 -25.060 0.381 0.052 0.958 0.464
3.709 0.289 -25.060 0.381 0.052 0.958 0.464
3.709 0.289 -25.060 0.381 0.052 0.958 0.464
4.216 0.319 -25.002 0.258 0.012 0.848 0.373
4.216 0.319 -25.002 0.258 0.012 0.848 0.373
4.216 0.319 -25.002 0.258 0.012 0.848 0.373
4.216 0.319 -25.002 0.258 0.012 0.848 0.373
2.829 0.547 -25.240 0.051 0.026 0.258 0.112
2.829 0.547 -25.240 0.051 0.026 0.258 0.112
2.829 0.547 -25.240 0.051 0.026 0.258 0.112
2.829 0.547 -25.240 0.051 0.026 0.258 0.112
1.553 0.718 -25.451 0.029 0.082 0.072 0.061
1.553 0.718 -25.451 0.029 0.082 0.072 0.061
1.553 0.718 -25.451 0.029 0.082 0.072 0.061
1.553 0.718 -25.451 0.029 0.082 0.072 0.061
2.265 0.838 -25.454 0.037 0.119 0.010 0.055
2.265 0.838 -25.454 0.037 0.119 0.010 0.055
2.265 0.838 -25.454 0.037 0.119 0.010 0.055
2.265 0.838 -25.454 0.037 0.119 0.010 0.055
1.885 0.792 -25.463 0.006 0.040 0.021 0.022
1.885 0.792 -25.463 0.006 0.040 0.021 0.022
1.885 0.792 -25.463 0.006 0.040 0.021 0.022
1.885 0.792 -25.463 0.006 0.040 0.021 0.022
1.779 0.809 -25.481 0.007 0.041 0.018 0.022
1.779 0.809 -25.481 0.007 0.041 0.018 0.022
1.779 0.809 -25.481 0.007 0.041 0.018 0.022
1.779 0.809 -25.481 0.007 0.041 0.018 0.022
1.785 0.810 -25.516 0.007 0.041 0.017 0.021
1.785 0.810 -25.516 0.007 0.041 0.017 0.021
1.785 0.810 -25.516 0.007 0.041 0.017 0.021
1.785 0.810 -25.516 0.007 0.041 0.017 0.021
1.801 0.812 -25.679 0.008 0.040 0.014 0.021
1.801 0.812 -25.679 0.008 0.040 0.014 0.021
1.801 0.812 -25.679 0.008 0.040 0.014 0.021
1.801 0.812 -25.679 0.008 0.040 0.014 0.021
1.822 0.808 -25.943 0.009 0.040 0.012 0.020
1.822 0.808 -25.943 0.009 0.040 0.012 0.020
1.822 0.808 -25.943 0.009 0.040 0.012 0.020
1.822 0.808 -25.943 0.009 0.040 0.012 0.020
1.879 0.787 -26.787 0.012 0.036 0.009 0.019
1.879 0.787 -26.787 0.012 0.036 0.009 0.019
1.879 0.787 -26.787 0.012 0.036 0.009 0.019
1.879 0.787 -26.787 0.012 0.036 0.009 0.019
1.977 0.738 -28.160 0.014 0.029 0.005 0.016
1.977 0.738 -28.160 0.014 0.029 0.005 0.016
1.977 0.738 -28.160 0.014 0.029 0.005 0.016
1.977 0.738 -28.160 0.014 0.029 0.005 0.016
2.123 0.656 -30.012 0.012 0.021 0.008 0.014
2.123 0.656 -30.012 0.012 0.021 0.008 0.014
2.123 0.656 -30.012 0.012 0.021 0.008 0.014
2.123 0.656 -30.012 0.012 0.021 0.008 0.014
2.115 0.648 -30.213 0.011 0.021 0.009 0.013
2.115 0.648 -30.213 0.011 0.021 0.009 0.013
2.115 0.648 -30.213 0.011 0.021 0.009 0.013
2.115 0.648 -30.213 0.011 0.021 0.009 0.013
2.069 0.655 -30.060 0.010 0.022 0.008 0.013
2.069 0.655 -30.060 0.010 0.022 0.008 0.013
2.069 0.655 -30.060 0.010 0.022 0.008 0.013
2.069 0.655 -30.060 0.010 0.022 0.008 0.013
2.055 0.659 -29.942 0.010 0.022 0.008 0.013
2.055 0.659 -29.942 0.010 0.022 0.008 0.013
2.055 0.659 -29.942 0.010 0.022 0.008 0.013
2.055 0.659 -29.942 0.010 0.022 0.008 0.013
2.057 0.659 -29.938 0.010 0.022 0.008 0.013
2.057 0.659 -29.938 0.010 0.022 0.008 0.013
2.057 0.659 -29.938 0.010 0.022 0.008 0.013
2.057 0.659 -29.938 0.010 0.022 0.008 0.013
2.056 0.660 -29.928 0.010 0.022 0.008 0.013
2.056 0.660 -29.928 0.010 0.022 0.008 0.013
2.056 0.660 -29.928 0.010 0.022 0.008 0.013
2.056 0.660 -29.928 0.010 0.022 0.008 0.013
2.057 0.659 -29.937 0.010 0.022 0.008 0.013
2.057 0.659 -29.937 0.010 0.022 0.008 0.013
2.057 0.659 -29.937 0.010 0.022 0.008 0.013
2.057 0.659 -29.937 0.010 0.022 0.008 0.013
2.057 0.659 -29.938 0.010 0.022 0.008 0.013
2.057 0.659 -29.938 0.010 0.022 0.008 0.013
2.057 0.659 -29.938 0.010 0.022 0.008 0.013
2.057 0.659 -29.938 0.010 0.022 0.008 0.013
2.057 0.659 -29.938 0.010 0.022 0.008 0.013
2.057 0.659 -29.938 0.010 0.022 0.008 0.013
2.057 0.659 -29.938 0.010 0.022 0.008 0.013
2.057 0.659 -29.938 0.010 0.022 0.008 0.013
2.057 0.659 -29.938 0.010 0.022 0.008 0.013
2.057 0.659 -29.938 0.010 0.022 0.008 0.013
2.057 0.659 -29.938 0.010 0.022 0.008 0.013
2.057 0.659 -29.938 0.010 0.022 0.008 0.013
2.057 0.659 -29.938 0.010 0.022 0.008 0.013
2.057 0.659 -29.938 0.010 0.022 0.008 0.013
2.057 0.659 -29.938 0.010 0.022 0.008 0.013
2.057 0.659 -29.938 0.010 0.022 0.008 0.013
2.057 0.659 -29.938 0.010 0.022 0.008 0.013
2.057 0.659 -29.938 0.010 0.022 0.008 0.013
2.057 0.659 -29.938 0.010 0.022 0.008 0.013
2.057 0.659 -29.938 0.010 0.022 0.008 0.013
2.057 0.659 -29.938 0.010 0.022 0.008 0.013
2.057 0.659 -29.938 0.010 0.022 0.008 0.013
2.057 0.659 -29.938 0.010 0.022 0.008 0.013
2.057 0.659 -29.938 0.010 0.022 0.008 0.013
2.057 0.659 -29.938 0.010 0.022 0.008 0.013
2.057 0.659 -29.938 0.010 0.022 0.008 0.013
2.057 0.659 -29.938 0.010 0.022 0.008 0.013
2.057 0.659 -29.938 0.010 0.022 0.008 0.013
2.057 0.659 -29.938 0.010 0.022 0.008 0.013
2.057 0.659 -29.938 0.010 0.022 0.008 0.013
2.057 0.659 -29.938 0.010 0.022 0.008 0.013
2.057 0.659 -29.938 0.010 0.022 0.008 0.013
