Lambda Mu Alpha CompressionNormMax TensionNormMax SimpleShearNormMax TotalCostNormMax
10.000 0.660 -24.300 2.189 3.434 0.029 1.884
10.000 0.660 -24.300 2.189 3.434 0.029 1.884
10.000 0.660 -24.300 2.189 3.434 0.029 1.884
10.000 0.660 -24.300 2.189 3.434 0.029 1.884
9.623 0.100 -24.189 0.206 0.018 1.890 0.705
9.623 0.100 -24.189 0.206 0.018 1.890 0.705
9.623 0.100 -24.189 0.206 0.018 1.890 0.705
9.623 0.100 -24.189 0.206 0.018 1.890 0.705
9.744 0.297 -24.225 0.097 0.706 0.893 0.565
9.744 0.297 -24.225 0.097 0.706 0.893 0.565
9.744 0.297 -24.225 0.097 0.706 0.893 0.565
9.744 0.297 -24.225 0.097 0.706 0.893 0.565
9.707 0.245 -24.215 0.016 0.447 1.119 0.527
9.707 0.245 -24.215 0.016 0.447 1.119 0.527
9.707 0.245 -24.215 0.016 0.447 1.119 0.527
9.707 0.245 -24.215 0.016 0.447 1.119 0.527
9.688 0.228 -24.212 0.004 0.373 1.197 0.525
9.688 0.228 -24.212 0.004 0.373 1.197 0.525
9.688 0.228 -24.212 0.004 0.373 1.197 0.525
9.688 0.228 -24.212 0.004 0.373 1.197 0.525
9.681 0.228 -24.213 0.004 0.371 1.197 0.524
9.681 0.228 -24.213 0.004 0.371 1.197 0.524
9.681 0.228 -24.213 0.004 0.371 1.197 0.524
9.681 0.228 -24.213 0.004 0.371 1.197 0.524
9.654 0.228 -24.213 0.004 0.365 1.198 0.522
9.654 0.228 -24.213 0.004 0.365 1.198 0.522
9.654 0.228 -24.213 0.004 0.365 1.198 0.522
9.654 0.228 -24.213 0.004 0.365 1.198 0.522
9.546 0.227 -24.216 0.003 0.341 1.202 0.515
9.546 0.227 -24.216 0.003 0.341 1.202 0.515
9.546 0.227 -24.216 0.003 0.341 1.202 0.515
9.546 0.227 -24.216 0.003 0.341 1.202 0.515
9.114 0.224 -24.225 0.001 0.253 1.218 0.491
9.114 0.224 -24.225 0.001 0.253 1.218 0.491
9.114 0.224 -24.225 0.001 0.253 1.218 0.491
9.114 0.224 -24.225 0.001 0.253 1.218 0.491
5.544 0.287 -24.320 0.024 0.016 0.945 0.328
5.544 0.287 -24.320 0.024 0.016 0.945 0.328
5.544 0.287 -24.320 0.024 0.016 0.945 0.328
5.544 0.287 -24.320 0.024 0.016 0.945 0.328
2.291 0.406 -24.420 0.079 0.242 0.562 0.294
2.291 0.406 -24.420 0.079 0.242 0.562 0.294
2.291 0.406 -24.420 0.079 0.242 0.562 0.294
2.291 0.406 -24.420 0.079 0.242 0.562 0.294
4.128 0.339 -24.364 0.031 0.036 0.753 0.273
4.128 0.339 -24.364 0.031 0.036 0.753 0.273
4.128 0.339 -24.364 0.031 0.036 0.753 0.273
4.128 0.339 -24.364 0.031 0.036 0.753 0.273
2.615 0.461 -24.466 0.009 0.103 0.400 0.171
2.615 0.461 -24.466 0.009 0.103 0.400 0.171
2.615 0.461 -24.466 0.009 0.103 0.400 0.171
2.615 0.461 -24.466 0.009 0.103 0.400 0.171
2.923 0.580 -24.549 0.069 0.022 0.150 0.080
2.923 0.580 -24.549 0.069 0.022 0.150 0.080
2.923 0.580 -24.549 0.069 0.022 0.150 0.080
2.923 0.580 -24.549 0.069 0.022 0.150 0.080
2.193 0.645 -24.603 0.068 0.054 0.080 0.067
2.193 0.645 -24.603 0.068 0.054 0.080 0.067
2.193 0.645 -24.603 0.068 0.054 0.080 0.067
2.193 0.645 -24.603 0.068 0.054 0.080 0.067
2.247 0.654 -24.559 0.084 0.044 0.072 0.067
2.247 0.654 -24.559 0.084 0.044 0.072 0.067
2.247 0.654 -24.559 0.084 0.044 0.072 0.067
2.247 0.654 -24.559 0.084 0.044 0.072 0.067
2.214 0.661 -24.548 0.088 0.046 0.066 0.066
2.214 0.661 -24.548 0.088 0.046 0.066 0.066
2.214 0.661 -24.548 0.088 0.046 0.066 0.066
2.214 0.661 -24.548 0.088 0.046 0.066 0.066
2.215 0.661 -24.540 0.088 0.046 0.066 0.066
2.215 0.661 -24.540 0.088 0.046 0.066 0.066
2.215 0.661 -24.540 0.088 0.046 0.066 0.066
2.215 0.661 -24.540 0.088 0.046 0.066 0.066
2.219 0.663 -24.506 0.089 0.045 0.065 0.066
2.219 0.663 -24.506 0.089 0.045 0.065 0.066
2.219 0.663 -24.506 0.089 0.045 0.065 0.066
2.219 0.663 -24.506 0.089 0.045 0.065 0.066
2.225 0.679 -24.052 0.094 0.041 0.062 0.065
2.225 0.679 -24.052 0.094 0.041 0.062 0.065
2.225 0.679 -24.052 0.094 0.041 0.062 0.065
2.225 0.679 -24.052 0.094 0.041 0.062 0.065
2.200 0.714 -22.961 0.093 0.038 0.060 0.064
2.200 0.714 -22.961 0.093 0.038 0.060 0.064
2.200 0.714 -22.961 0.093 0.038 0.060 0.064
2.200 0.714 -22.961 0.093 0.038 0.060 0.064
2.139 0.742 -21.978 0.084 0.041 0.062 0.062
2.139 0.742 -21.978 0.084 0.041 0.062 0.062
2.139 0.742 -21.978 0.084 0.041 0.062 0.062
2.139 0.742 -21.978 0.084 0.041 0.062 0.062
2.100 0.749 -21.503 0.072 0.044 0.069 0.062
2.100 0.749 -21.503 0.072 0.044 0.069 0.062
2.100 0.749 -21.503 0.072 0.044 0.069 0.062
2.100 0.749 -21.503 0.072 0.044 0.069 0.062
2.105 0.742 -21.515 0.066 0.045 0.074 0.062
2.105 0.742 -21.515 0.066 0.045 0.074 0.062
2.105 0.742 -21.515 0.066 0.045 0.074 0.062
2.105 0.742 -21.515 0.066 0.045 0.074 0.062
2.104 0.740 -21.553 0.066 0.045 0.075 0.062
2.104 0.740 -21.553 0.066 0.045 0.075 0.062
2.104 0.740 -21.553 0.066 0.045 0.075 0.062
2.104 0.740 -21.553 0.066 0.045 0.075 0.062
2.105 0.740 -21.558 0.066 0.045 0.075 0.062
2.105 0.740 -21.558 0.066 0.045 0.075 0.062
2.105 0.740 -21.558 0.066 0.045 0.075 0.062
2.105 0.740 -21.558 0.066 0.045 0.075 0.062
2.105 0.740 -21.557 0.066 0.045 0.075 0.062
2.105 0.740 -21.557 0.066 0.045 0.075 0.062
2.105 0.740 -21.557 0.066 0.045 0.075 0.062
2.105 0.740 -21.557 0.066 0.045 0.075 0.062
2.105 0.740 -21.558 0.066 0.045 0.075 0.062
2.105 0.740 -21.558 0.066 0.045 0.075 0.062
2.105 0.740 -21.558 0.066 0.045 0.075 0.062
2.105 0.740 -21.558 0.066 0.045 0.075 0.062
2.105 0.740 -21.558 0.066 0.045 0.075 0.062
2.105 0.740 -21.558 0.066 0.045 0.075 0.062
2.105 0.740 -21.558 0.066 0.045 0.075 0.062
2.105 0.740 -21.558 0.066 0.045 0.075 0.062
2.105 0.740 -21.558 0.066 0.045 0.075 0.062
2.105 0.740 -21.558 0.066 0.045 0.075 0.062
2.105 0.740 -21.558 0.066 0.045 0.075 0.062
2.105 0.740 -21.558 0.066 0.045 0.075 0.062
2.105 0.740 -21.558 0.066 0.045 0.075 0.062
2.105 0.740 -21.558 0.066 0.045 0.075 0.062
2.105 0.740 -21.558 0.066 0.045 0.075 0.062
2.105 0.740 -21.558 0.066 0.045 0.075 0.062
2.105 0.740 -21.558 0.066 0.045 0.075 0.062
2.105 0.740 -21.558 0.066 0.045 0.075 0.062
2.105 0.740 -21.558 0.066 0.045 0.075 0.062
2.105 0.740 -21.558 0.066 0.045 0.075 0.062
2.105 0.740 -21.558 0.066 0.045 0.075 0.062
2.105 0.740 -21.558 0.066 0.045 0.075 0.062
2.105 0.740 -21.558 0.066 0.045 0.075 0.062
2.105 0.740 -21.558 0.066 0.045 0.075 0.062
2.105 0.740 -21.558 0.066 0.045 0.075 0.062
2.105 0.740 -21.558 0.066 0.045 0.075 0.062